0.9809 0.6945 0.2601 0.0000 0.0000 0.0000 0.0000 0.0000 0.0000 0.0000 0.0000 0.0000 0.0000 0.0000 0.0000 0.0000 0.0000 0.0000 0.0000 0.0000 0.0000
0.9681 0.6038 0.2100 0.7019 0.0000 0.0000 0.0000 0.0000 0.0000 0.0000 0.0000 0.0000 0.0000 0.0000 0.0000 0.0000 0.0000 0.0000 0.0000 0.0000 0.0000
0.9610 0.4768 0.2067 0.6671 0.2053 0.0000 0.0000 0.0000 0.0000 0.0000 0.0000 0.0000 0.0000 0.0000 0.0000 0.0000 0.0000 0.0000 0.0000 0.0000 0.0000
0.9498 0.4029 0.1814 0.6689 0.1124 0.3161 0.0000 0.0000 0.0000 0.0000 0.0000 0.0000 0.0000 0.0000 0.0000 0.0000 0.0000 0.0000 0.0000 0.0000 0.0000
0.9394 0.4712 0.2029 0.5916 0.0998 0.1483 0.5841 0.0000 0.0000 0.0000 0.0000 0.0000 0.0000 0.0000 0.0000 0.0000 0.0000 0.0000 0.0000 0.0000 0.0000
0.9418 0.4452 0.1927 0.5709 0.1235 0.1635 0.5458 0.3639 0.0000 0.0000 0.0000 0.0000 0.0000 0.0000 0.0000 0.0000 0.0000 0.0000 0.0000 0.0000 0.0000
0.9305 0.3926 0.1977 0.6463 0.0792 0.2714 0.4569 0.1755 0.7071 0.0000 0.0000 0.0000 0.0000 0.0000 0.0000 0.0000 0.0000 0.0000 0.0000 0.0000 0.0000
0.9014 0.3781 0.2064 0.6161 0.0404 0.1752 0.3348 0.1750 0.6903 0.0254 0.0000 0.0000 0.0000 0.0000 0.0000 0.0000 0.0000 0.0000 0.0000 0.0000 0.0000
0.8873 0.3892 0.1889 0.4111 0.0461 0.1448 0.3209 0.1779 0.5589 0.0119 0.2813 0.0000 0.0000 0.0000 0.0000 0.0000 0.0000 0.0000 0.0000 0.0000 0.0000
0.8767 0.3801 0.1927 0.3623 0.0559 0.2103 0.2943 0.1297 0.5434 0.0170 0.2451 0.2841 0.0000 0.0000 0.0000 0.0000 0.0000 0.0000 0.0000 0.0000 0.0000
0.8529 0.3180 0.2042 0.4322 0.0609 0.2165 0.2344 0.0702 0.5084 0.0169 0.2734 0.3014 0.5428 0.0000 0.0000 0.0000 0.0000 0.0000 0.0000 0.0000 0.0000
0.8585 0.3361 0.2108 0.4036 0.0511 0.2455 0.2556 0.1298 0.4586 0.0162 0.0361 0.3014 0.5247 0.2160 0.0000 0.0000 0.0000 0.0000 0.0000 0.0000 0.0000
0.8748 0.3712 0.2482 0.3166 0.0852 0.1793 0.3317 0.1656 0.4013 0.0377 0.0291 0.2695 0.4854 0.1972 0.2989 0.0000 0.0000 0.0000 0.0000 0.0000 0.0000
0.8604 0.3830 0.2340 0.2774 0.0795 0.1035 0.3675 0.2192 0.3697 0.0264 0.0204 0.2933 0.4946 0.1699 0.3459 0.6525 0.0000 0.0000 0.0000 0.0000 0.0000
0.8464 0.3858 0.2185 0.2873 0.0346 0.0802 0.3443 0.1987 0.3808 0.0082 0.0104 0.2639 0.5194 0.1711 0.3559 0.6010 0.0898 0.0000 0.0000 0.0000 0.0000
0.8437 0.3564 0.2151 0.3980 0.0224 0.1187 0.2935 0.1431 0.4227 0.0082 0.0135 0.2323 0.5373 0.1493 0.2941 0.6354 0.0425 0.0105 0.0000 0.0000 0.0000
0.8335 0.3497 0.2050 0.3928 0.0365 0.1374 0.2544 0.1036 0.4455 0.0130 0.0141 0.2608 0.5540 0.1778 0.2667 0.6236 0.0504 0.0102 0.0562 0.0000 0.0000
0.8301 0.4308 0.1645 0.2730 0.0868 0.1075 0.4196 0.4452 0.3859 0.0162 0.0251 0.2637 0.4559 0.1165 0.3681 0.6758 0.1087 0.0173 0.0855 0.2918 0.0000
0.8251 0.4257 0.1553 0.2747 0.0827 0.0865 0.4040 0.4047 0.3808 0.0082 0.0218 0.2624 0.4569 0.1263 0.3437 0.6589 0.1239 0.0189 0.0984 0.3131 0.0659
