0.9835 0.8892 0.8225 0.0000 0.0000 0.0000 0.0000 0.0000 0.0000 0.0000 0.0000 0.0000 0.0000 0.0000 0.0000 0.0000 0.0000 0.0000 0.0000 0.0000 0.0000
0.9718 0.9004 0.8438 0.8801 0.0000 0.0000 0.0000 0.0000 0.0000 0.0000 0.0000 0.0000 0.0000 0.0000 0.0000 0.0000 0.0000 0.0000 0.0000 0.0000 0.0000
0.9675 0.9102 0.8461 0.7858 0.2926 0.0000 0.0000 0.0000 0.0000 0.0000 0.0000 0.0000 0.0000 0.0000 0.0000 0.0000 0.0000 0.0000 0.0000 0.0000 0.0000
0.9610 0.9078 0.9260 0.8272 0.1399 0.3407 0.0000 0.0000 0.0000 0.0000 0.0000 0.0000 0.0000 0.0000 0.0000 0.0000 0.0000 0.0000 0.0000 0.0000 0.0000
0.9551 0.8952 0.8871 0.8158 0.1058 0.1525 0.9055 0.0000 0.0000 0.0000 0.0000 0.0000 0.0000 0.0000 0.0000 0.0000 0.0000 0.0000 0.0000 0.0000 0.0000
0.9611 0.8911 0.9048 0.8424 0.1325 0.1683 0.8459 0.3878 0.0000 0.0000 0.0000 0.0000 0.0000 0.0000 0.0000 0.0000 0.0000 0.0000 0.0000 0.0000 0.0000
0.9551 0.8756 0.8597 0.7327 0.0843 0.2865 0.8988 0.1867 0.7821 0.0000 0.0000 0.0000 0.0000 0.0000 0.0000 0.0000 0.0000 0.0000 0.0000 0.0000 0.0000
0.9327 0.8180 0.8652 0.7013 0.0419 0.1810 0.9470 0.2020 0.7787 0.0261 0.0000 0.0000 0.0000 0.0000 0.0000 0.0000 0.0000 0.0000 0.0000 0.0000 0.0000
0.9159 0.7999 0.8886 0.5014 0.0478 0.1495 0.9554 0.2041 0.8800 0.0121 0.3749 0.0000 0.0000 0.0000 0.0000 0.0000 0.0000 0.0000 0.0000 0.0000 0.0000
0.9113 0.7943 0.8717 0.4528 0.0583 0.2205 0.9444 0.1578 0.8920 0.0175 0.2924 0.3264 0.0000 0.0000 0.0000 0.0000 0.0000 0.0000 0.0000 0.0000 0.0000
0.8864 0.7443 0.8628 0.5104 0.0650 0.2277 0.9752 0.0834 0.9144 0.0174 0.3417 0.3541 0.5662 0.0000 0.0000 0.0000 0.0000 0.0000 0.0000 0.0000 0.0000
0.8975 0.7456 0.8662 0.4602 0.0537 0.2583 0.9778 0.1578 0.8637 0.0164 0.0401 0.3603 0.5641 0.3598 0.0000 0.0000 0.0000 0.0000 0.0000 0.0000 0.0000
0.9184 0.8680 0.8475 0.3857 0.0899 0.1859 0.9592 0.1924 0.8896 0.0388 0.0317 0.3483 0.5661 0.2840 0.3696 0.0000 0.0000 0.0000 0.0000 0.0000 0.0000
0.9104 0.8800 0.8462 0.3657 0.0822 0.1058 0.9479 0.2572 0.9345 0.0269 0.0232 0.3920 0.6270 0.2837 0.4459 0.6936 0.0000 0.0000 0.0000 0.0000 0.0000
0.9025 0.8661 0.8202 0.4054 0.0352 0.0817 0.9219 0.2301 0.9277 0.0083 0.0118 0.3508 0.6855 0.3173 0.5381 0.6306 0.1235 0.0000 0.0000 0.0000 0.0000
0.8978 0.8437 0.7949 0.5141 0.0228 0.1218 0.9056 0.1676 0.8902 0.0083 0.0153 0.2948 0.7983 0.2888 0.4528 0.6919 0.0747 0.0123 0.0000 0.0000 0.0000
0.8916 0.8174 0.8231 0.5052 0.0374 0.1409 0.9483 0.1294 0.8977 0.0132 0.0154 0.3270 0.7790 0.3302 0.5271 0.6810 0.0669 0.0114 0.0598 0.0000 0.0000
0.8870 0.8914 0.8921 0.3890 0.0921 0.1101 0.9280 0.6035 0.9285 0.0165 0.0292 0.3975 0.7730 0.2028 0.6625 0.7740 0.1622 0.0211 0.0902 0.3373 0.0000
0.8914 0.8751 0.8869 0.3869 0.0860 0.0882 0.9037 0.5118 0.9273 0.0083 0.0249 0.3716 0.7441 0.2310 0.6103 0.7424 0.1904 0.0255 0.1053 0.3948 0.0666
